-0.00147131
-0.00139363
-0.00141669
-0.00141361
-0.00144573
-0.00156114
-0.00132267
-0.00148944
-0.00129873
-0.00164823
-0.00131431
-0.00134986
-0.00139907
-0.00131259
-0.00135171
-0.00150574
-0.000351655
-0.00272898
-0.00136466
-0.001277
-0.00128745
-0.00147785
-0.00134155
-0.00135851
-0.00143109
-0.00138907
-0.00121908
-0.000767223
-0.00192306
-0.00153551
-0.00135276
-0.00140732
-0.0014314
-0.00149747
-0.00138718
-0.00129487
-0.00146245
-0.00130135
-0.00136891
-0.00137265
-0.00135172
-0.0014268
-0.00162326
-0.00197337
-0.00138515
-0.00140353
-0.00144207
-0.00120025
-0.0011834
-0.0011834
-0.00144551
-0.00124798
-0.00150184
-0.00133163