0.00329988
0.00323332
0.0031153
0.00328265
0.0032356
0.00310447
0.00332052
0.00322909
0.00333135
0.00297001
0.0033448
0.00323722
0.00322216
0.00317724
0.00328125
0.00316177
0.00429915
0.00216058
0.00319178
0.00320884
0.00330869
0.00306972
0.00327932
0.00331972
0.00324407
0.00320989
0.00332304
0.00379582
0.00278729
0.00309719
0.00335734
0.003293
0.00320285
0.00317153
0.00311142
0.00327443
0.00324605
0.00324584
0.00326819
0.00333446
0.00329595
0.00317355
0.00301539
0.00309478
0.00333235
0.00324142
0.00325926
0.00337915
0.00344029
0.00344029
0.00333234
0.00349027
0.00312057
0.00331355