-0.0519587
-0.0639124
-0.0562031
-0.0577911
-0.0521107
-0.0581564
-0.0579568
-0.0548319
-0.051256
-0.0544155
-0.049898
-0.055844
-0.0538363
-0.0531278
-0.0505835
-0.060288
-0.0564955
-0.0530526
-0.0537202
-0.0556875
-0.0612083
-0.0512489
-0.0534613
-0.0566253
-0.0566571
-0.0647216
-0.0516976
-0.0536142
-0.0569654
-0.0584227
-0.0532799
-0.054899
-0.0522027
-0.0526253
-0.053933
-0.0622299
-0.0542219
-0.0544946
-0.0572499
-0.0564289
-0.0549641
-0.0541789
-0.0552401
-0.060256
-0.0559988
-0.0604026
-0.0570497
-0.0548829
-0.052838
-0.052838
-0.0583929
-0.055082
-0.0549542
-0.0544691