-0.000710655
-0.000690166
-0.000573883
-0.000700415
-0.000632333
-0.000590043
-0.000656539
-0.000592532
-0.000767924
-0.000675614
-0.000645187
-0.00073641
-0.000708307
-0.000607022
-0.000762113
-0.000480337
-0.000482715
-0.000606041
-0.000635017
-0.000679785
-0.000701074
-0.000689637
-0.000612951
-0.000627964
-0.000711443
-0.000619361
-0.000689974
-0.000644325
-0.000646043
-0.000764597
-0.00058518
-0.000251862
-0.00106504
-0.000645191
-0.000644536
-0.000652174
-0.000652174
-0.000633484
-0.0005879
-0.000593319
-0.000693374
-0.000697461