0.726968
0.726561
0.725903
0.727579
0.727579
0.726504
0.726761
0.726135
0.726891
0.726336
0.727116
0.726109
0.727845
0.726174
0.727031
0.727136
0.726881
0.727179
0.727346
0.726522
0.726222
0.726577
0.726809
0.726969
0.728097
0.726181
0.726764
0.727253
0.726098
0.726824
0.726843
0.725879
0.726865
0.725592
0.727058
0.727194
0.726103
0.727072
0.727474
0.726795
0.72637
0.726691
0.727078
0.726621
0.726443
0.725682
0.727228
0.726866
0.725886
0.726832
0.728201
0.725973
0.728096
0.727848
0.725956
0.727019
0.727281
0.726551
0.727348
0.726363
0.726746
0.726922
0.727662
0.72673
0.725915
0.726751
0.726299
0.727176
0.727499
0.725451
0.726738
0.726477
0.726117
0.726957
0.727957
0.726608
0.726786
0.726421
0.726288
0.727884
0.72579
0.726356
0.726663
0.727228
0.727144
0.725788
0.727281
0.726798
0.726888
0.726481
0.727015
0.726103
0.726608
0.726292
0.726214
0.726845
0.727151
0.726831
0.727478
0.726888
0.726656
0.72645