0.700105
0.699705
0.698503
0.70148
0.70148
0.699157
0.700978
0.698927
0.700121
0.699126
0.69968
0.69915
0.702043
0.699726
0.699834
0.701643
0.700094
0.700958
0.701487
0.700272
0.698857
0.699984
0.700711
0.699527
0.703393
0.699354
0.701433
0.700563
0.699818
0.70079
0.700088
0.699174
0.699823
0.698528
0.700975
0.700938
0.69876
0.700518
0.701499
0.699495
0.69999
0.700076
0.700366
0.700338
0.699598
0.698728
0.701651
0.700911
0.698007
0.700363
0.700777
0.699807
0.70211
0.70198
0.698599
0.700276
0.700333
0.699401
0.701937
0.699075
0.699895
0.700886
0.702502
0.69969
0.699347
0.699878
0.697969
0.700364
0.70172
0.697999
0.700161
0.700248
0.699378
0.70049
0.70152
0.700049
0.699337
0.700407
0.69966
0.702597
0.699047
0.698928
0.699447
0.700818
0.700934
0.699867
0.700492
0.700079
0.700131
0.699246
0.701293
0.699323
0.699939
0.699217
0.699314
0.699635
0.700695
0.701532
0.701432
0.70017
0.698827
0.698814