0.289986
0.291098
0.292027
0.288521
0.288521
0.29082
0.289204
0.291033
0.289901
0.291182
0.290383
0.292071
0.287969
0.290544
0.290564
0.287859
0.289872
0.289507
0.288142
0.289936
0.291087
0.290095
0.288849
0.290732
0.286686
0.290537
0.288477
0.289463
0.289866
0.288574
0.289581
0.290761
0.290114
0.291744
0.289276
0.289334
0.29127
0.290036
0.287845
0.290777
0.290067
0.290015
0.289861
0.289698
0.290693
0.291218
0.288686
0.2889
0.293023
0.28935
0.28996
0.290154
0.287273
0.288446
0.291197
0.289864
0.289645
0.290819
0.287792
0.291223
0.290371
0.289101
0.288457
0.290209
0.290803
0.290002
0.291877
0.289279
0.288258
0.291705
0.290092
0.289261
0.290769
0.289081
0.28825
0.289634
0.291141
0.28974
0.290894
0.287387
0.291093
0.291037
0.290665
0.289227
0.289463
0.290191
0.289393
0.2901
0.28987
0.291012
0.288904
0.291071
0.290834
0.290882
0.290707
0.291246
0.289464
0.288788
0.288642
0.289249
0.291473
0.291352