0.00479651
0.00385284
0.00382216
0.00516127
0.00516127
0.0046155
0.00484546
0.00456921
0.00474184
0.00428769
0.00449007
0.00322781
0.0051969
0.00454736
0.00422609
0.00595059
0.00492865
0.00456664
0.00556528
0.00466908
0.00462949
0.00474679
0.00544868
0.00435626
0.00547524
0.00475632
0.00538787
0.00482819
0.00523079
0.00568583
0.00506723
0.00479607
0.00484282
0.00428806
0.00476741
0.00483472
0.00460666
0.00442186
0.00595661
0.00436155
0.00487882
0.00465968
0.0045552
0.00493972
0.00441619
0.00460752
0.00483416
0.00523481
0.00355929
0.0051312
0.00402682
0.00490258
0.0057898
0.00486771
0.00465764
0.0047985
0.00482516
0.0043833
0.00564783
0.00433466
0.0044162
0.00498952
0.00464697
0.00475313
0.00468576
0.00470848
0.00414058
0.00514956
0.0053204
0.00479383
0.00457926
0.0053703
0.00464303
0.00514674
0.00516414
0.00504162
0.00413615
0.0048812
0.00424774
0.00538687
0.00443582
0.00452163
0.00459566
0.00493615
0.00480475
0.00486037
0.00495251
0.0047355
0.00500262
0.00431139
0.00490164
0.00430636
0.00410135
0.00456982
0.00468702
0.00394231
0.00482192
0.00500769
0.00485137
0.00552333
0.00406725
0.00429337