0.295097
0.296441
0.297656
0.293345
0.293345
0.296239
0.294179
0.296453
0.295097
0.29656
0.295791
0.297614
0.292846
0.295802
0.295958
0.292429
0.295035
0.294544
0.292955
0.294949
0.296553
0.295262
0.293814
0.29608
0.29114
0.295878
0.293264
0.294595
0.294976
0.293425
0.294874
0.295963
0.295387
0.297186
0.294148
0.294162
0.296671
0.295126
0.292555
0.296172
0.295196
0.29536
0.29506
0.294719
0.295969
0.296661
0.293557
0.293795
0.298548
0.294537
0.295163
0.295311
0.292102
0.293098
0.29675
0.295021
0.294835
0.296206
0.292453
0.296607
0.295711
0.294087
0.292825
0.295499
0.295928
0.295414
0.297866
0.294542
0.292943
0.297171
0.295293
0.29446
0.295996
0.294366
0.293224
0.294786
0.296565
0.294796
0.29615
0.29205
0.296496
0.296604
0.295951
0.294284
0.294287
0.295232
0.294559
0.29524
0.294892
0.296466
0.293747
0.296365
0.296007
0.29619
0.295986
0.296468
0.294509
0.29347
0.293758
0.294382
0.297021
0.296905