0.709548
0.709408
0.70848
0.710715
0.710715
0.709276
0.710102
0.708967
0.709737
0.70891
0.709552
0.709047
0.711225
0.709245
0.7097
0.710479
0.709706
0.710232
0.710612
0.709737
0.708669
0.70952
0.70997
0.709533
0.712029
0.709149
0.710521
0.710131
0.709331
0.710106
0.709907
0.708894
0.709561
0.708392
0.71021
0.710083
0.708587
0.710032
0.710528
0.709223
0.709383
0.709716
0.709891
0.709754
0.709222
0.708694
0.710819
0.710142
0.707983
0.709889
0.710285
0.709319
0.711229
0.71095
0.708684
0.709784
0.709965
0.709265
0.710822
0.708838
0.709626
0.71014
0.710964
0.709433
0.70885
0.709583
0.708618
0.710076
0.710669
0.707926
0.709595
0.709889
0.708975
0.710312
0.711065
0.709797
0.70914
0.709708
0.70916
0.711409
0.709074
0.709013
0.709175
0.710187
0.709891
0.709225
0.710097
0.70951
0.709427
0.709079
0.710553
0.709059
0.709345
0.708937
0.708894
0.70911
0.710131
0.710502
0.710895
0.709733
0.709134
0.708877