-0.0464928
-0.0510509
-0.0524774
-0.0573286
-0.0573286
-0.0580677
-0.0513858
-0.056617
-0.0511332
-0.0588541
-0.0553505
-0.0535567
-0.0541868
-0.0576052
-0.0607013
-0.0504936
-0.0543734
-0.0581998
-0.0520815
-0.0543967
-0.0509361
-0.0568806
-0.0550218
-0.0572916
-0.0565695
-0.0541432
-0.0547642
-0.0567307
-0.0518561
-0.0517768
-0.0565348
-0.0559068
-0.0496966
-0.0535684
-0.0491175
-0.0551826
-0.0564709
-0.0554687
-0.0509893
-0.0515618
-0.0488175
-0.0508861
-0.0507963
-0.0536141
-0.0533195
-0.0507958
-0.0561348
-0.0533599
-0.0532429
-0.0537294
-0.0615355
-0.053402
-0.0549232
-0.0542541
-0.0510385
-0.0542674
-0.0574154
-0.0592942
-0.0500001
-0.0529642
-0.0527463
-0.0569623
-0.0526884
-0.0519062
-0.0527543
-0.051156
-0.0561975
-0.0528774
-0.0560509
-0.0529639
-0.0517105
-0.0544461
-0.0513784
-0.051738
-0.0569989
-0.053902
-0.051857
-0.0549658
-0.0510236
-0.0554176
-0.0523935
-0.0516114
-0.0563514
-0.055245
-0.060104
-0.0540613
-0.049899
-0.0516731
-0.0543149
-0.0562822
-0.0534197
-0.0569186
-0.0528561
-0.054507
-0.0502952
-0.0539424
-0.0516429
-0.0548481
-0.0540444
-0.0504097
-0.0499334
-0.055227