0.327735
0.32914
0.328132
0.32756
0.32756
0.328131
0.3275
0.328429
0.32787
0.328089
0.327822
0.328225
0.328666
0.328085
0.329194
0.327034
0.32771
0.3283
0.327048
0.327895
0.328624
0.327419
0.327067
0.327874
0.328633
0.328643
0.327703
0.328756
0.327777
0.326451
0.326916
0.328387
0.328337
0.329011
0.328629
0.328545
0.329165
0.328364
0.327263
0.327989
0.328535
0.327062
0.328223
0.328583
0.328875
0.327753
0.32807
0.327017
0.328251
0.326906
0.329893
0.328088
0.327057
0.328224
0.327543
0.328869
0.328465
0.328153
0.327351
0.329106
0.327699
0.328125
0.328182
0.327463
0.328028
0.32804
0.328043
0.327702
0.327509
0.328881
0.327376
0.327387
0.328168
0.32723
0.32697
0.326149
0.328317
0.3273
0.328804
0.327638
0.328435
0.326333
0.32767
0.328408
0.328371
0.327337
0.327311
0.328273
0.327956
0.32799
0.327273
0.328859
0.327905
0.328481
0.326912
0.32924
0.328754
0.328204
0.327988
0.327026
0.32671
0.327428