0.000427248
-0.000523981
-0.000554029
0.000799162
0.000799162
-5.24255e-05
0.000697359
2.17853e-05
0.000329181
-0.000168286
6.10096e-05
-0.00113978
0.000886083
0.000181307
-0.000272727
0.00167206
0.000410455
0.000264436
0.0012702
0.000410229
0.000196409
0.000438069
0.00118857
-0.000264185
0.00122913
0.000286076
0.00106159
0.000387665
0.00081911
0.00135045
0.000540671
0.00033588
0.000314513
-0.000167868
0.000525683
0.000591132
0.0001315
-5.3975e-05
0.00159794
-2.55734e-05
0.000504879
0.000254941
0.000280797
0.000592523
7.58817e-05
0.0001194
0.00054383
0.000919581
-0.000987097
0.000725091
-0.000265186
0.000539085
0.001444
0.000621939
9.38387e-05
0.000296632
0.000385594
-0.000120447
0.00140853
-5.02994e-05
2.78947e-06
0.000767385
0.000591157
0.00030779
0.000333982
0.000335065
-0.0004908
0.000639778
0.00107502
0.000309683
0.000277321
0.000868792
0.00030188
0.000602763
0.000684584
0.000543359
-0.000314308
0.000529889
-7.73146e-05
0.0012078
-0.000119024
-6.85176e-05
0.000157521
0.000565216
0.00060575
0.000494059
0.000505613
0.00040683
0.000704387
-0.000107906
0.000510182
-0.00010873
-0.00019728
0.000190514
0.000324534
-0.000369473
0.000406901
0.000704442
0.000478363
0.00106303
-0.000550548
-0.0002332